$ANSIBLE_VAULT;1.1;AES256
65333536313966333835333461346232656337613838646261346365393637383532346134613237
6464663665373539363634353538323836343230666231370a656265383035356331653936626432
33633766656433386335353866333062633230356131643862343736663634396661643132633865
6539643066323631630a366263656666373335386364303034323333623634303735303830623762
37363530613936356163653362343533343138343937316538663336653335356237656466653865
62353638633462333733663464613536373730383037613930623232623930633366666162363633
64323364346636656235353165623464643263303335643138656362633135323037386233333036
36343232376361363666626431313761343930326438656135313935353462626564313432643336
61386435626135353937333762336562326465633830353734623733353961633862623832643233
31373162363864386632623461363536303637656162643461353935663539353365653738623164
38366438353966333334666635306339643938646631653664336536646366363661623439303062
65633338613534643535643664363930653564373736343463313366663431356239366364656635
31353162306537393063383136353835636534646565336261336233303032623862363635636336
66323339323234636265623539303661316134353165363165646638666261666638636366336462
66346134633938656435353731343838313263306665336365396338663161313966636237373637
35326263623332643831323632356630623135353666373835363730373466633863333166396162
38396166363362316133616139396636303835633233633862386237336331333735363662623961
61306133393666306166623361396636636566616364363030323766306538363331343862306639
31346662373436663134666637646438333263623361343863616637363634616338366662326231
64316335333433393237
